A1_Test1.in: 687012.4142271916
A1_Test2.in: 373557.5005194484
A1_Test3.in: 7159.60489870799
A1_Test4.in: 0
A1_Test5.in: 0
A1_Test6.in: 536870912.0
A1_Test7.in: 40.0
A1_Test8.in: 0.0
